46,72;49,18=53534446
82,24;19,40=39744056
72,41;20,52=61045344
12,63;84,25=131618749
11,84;71,12=180178252
12,31;62,12=1477016481
16,49;70,18=1861419043
70,17;23,22=40742598
52,14;13,51=7152235
25,48;34,16=67772432
12,70;78,12=1248219754
11,37;47,14=31558680
90,19;26,24=3588813
69,44;28,91=34247523
82,22;54,84=91087518
46,27;14,76=36962915
72,30;25,67=149663794
13,37;74,28=61349806
44,34;26,77=8901769
84,22;12,71=1625617248
19,44;64,28=1923410476
36,65;48,23=118769653
26,59;51,11=526216806
13,22;46,21=107386989
24,63;69,32=1176513765
26,33;70,13=64183671
23,95;23,11=29447120
18,53;65,12=1967518229
69,26;55,70=75906260
39,14;20,42=58736976
32,58;46,19=1166817222
47,21;16,42=61576027
76,47;19,43=113874264
39,57;78,12=82685250
60,16;14,64=14646880
39,11;81,89=51605160
27,75;58,12=64711165
45,26;18,50=231213832
86,31;52,97=85907870
98,27;24,34=44943347
32,12;39,72=110507148
34,59;51,26=1697213047
12,50;46,17=1483614598
41,15;12,46=694312891
55,91;87,16=38444185
32,60;93,51=72374563
27,88;99,89=81369226
20,64;84,67=59848857
35,16;21,55=179457157
80,16;12,56=390016952
19,56;94,23=25704018
15,50;60,27=527010165
58,24;29,61=1363311043
11,40;82,40=81557280
64,37;14,93=35902500
23,12;33,64=625919388
43,11;39,61=16144014
65,14;41,92=45057208
17,36;41,24=1142416832
40,20;17,33=138239507
17,78;75,18=1807317654
63,62;14,66=8191276
18,83;81,48=40955537
20,76;79,42=17073130
86,20;20,51=27864912
77,57;17,56=63526569
18,57;78,40=1652610432
25,51;28,14=327212950
31,83;66,14=1818815692
51,28;19,40=1623218752
45,99;63,39=850511739
19,58;84,66=16143594
98,62;28,74=31646786
53,11;24,64=6807504
81,52;46,93=51207222
38,21;25,49=42313640
36,57;47,24=1373315686
21,79;38,27=32758030
96,32;17,25=100094129
61,13;17,54=93673898
27,14;15,33=938617868
43,11;46,74=134871151
32,58;53,18=1271013614
35,19;12,38=49048442
29,55;58,31=163883151
67,11;63,61=94545706
50,26;13,46=806414262
28,91;79,18=37144908
51,13;85,87=87896487
91,37;25,35=51374299
65,12;20,76=1235015960
82,40;19,76=935510636
16,53;69,13=294115333
64,30;18,38=12045078
18,48;36,29=9001328
26,57;51,27=693312146
93,57;18,93=16805292
39,13;23,52=42324381
30,78;76,24=84205400
18,89;89,28=77058841
31,58;53,31=45534651
42,69;37,15=83108096
68,97;94,22=87468777
38,60;38,16=12987700
62,80;58,15=38101625
13,36;50,13=1975510388
50,23;11,41=89642748
15,42;37,15=145967853
65,27;14,47=1606518735
40,86;90,24=55602462
36,75;59,18=1127719790
92,29;13,50=50345718
12,37;64,18=1287213232
63,16;14,63=667510330
20,82;78,17=565817875
15,62;52,18=144386122
40,63;43,12=1180018647
34,66;89,51=88547446
67,32;20,55=188072182
52,29;11,74=38914681
11,34;63,36=59885334
17,78;95,59=34325571
24,38;39,16=488016788
36,81;62,42=70488058
59,14;19,70=343915670
70,19;21,57=25623876
56,18;11,71=37036983
18,46;73,48=119328880
68,36;23,59=1219119667
50,19;47,61=291240
11,75;82,11=130064241
93,26;26,60=70452866
26,50;40,18=524412116
58,26;20,42=131509208
67,57;12,62=24175837
96,49;22,53=34045831
16,35;60,28=47123080
28,57;69,39=5137490
11,88;69,91=644213273
90,35;14,44=59344274
31,11;35,63=179722980
16,43;88,39=66885334
13,25;51,28=447510926
16,40;38,18=1411013114
56,57;12,65=8322536
31,73;47,18=103839435
48,15;25,67=1114316270
37,72;54,29=54715701
40,78;56,20=364011778
23,74;58,16=194656538
12,84;17,14=6531946
66,20;29,97=43878651
46,65;30,11=40063037
28,52;27,12=1521515692
77,57;19,90=33653630
51,76;42,14=1027411774
16,63;65,57=725910479
44,14;43,74=53064244
86,23;26,28=60921966
20,44;46,16=180412364
95,44;40,97=90158256
62,28;30,58=62341842
16,60;90,16=99967264
15,55;61,32=572217264
63,32;23,52=63254080
85,73;17,51=18532829
29,43;87,20=79463498
59,17;27,68=130683151
29,76;56,18=176621380
75,18;91,99=78126273
15,59;79,27=645518755
20,52;60,32=187801276
58,46;12,82=9525104
14,28;49,17=1572610510
11,72;35,43=28976308
65,12;37,50=52402910
62,17;11,67=117378065
18,48;57,11=58466378
28,44;48,23=4769298
17,41;61,35=131072059
87,20;62,69=120336708
36,14;15,50=1791217468
55,23;21,36=164008126
78,11;11,55=75282772
23,52;32,15=1272926
63,41;41,87=54664462
12,27;49,33=1671018797
50,26;11,42=669311580
11,45;77,40=1471912055
29,46;43,11=1534216507
82,30;43,52=102415814
40,51;97,37=73765244
90,28;60,75=130808407
13,45;42,21=392713778
30,19;19,46=1297117759
55,25;21,40=1401713530
11,80;50,39=51567307
25,75;95,59=83409878
71,14;17,59=1568710560
24,85;71,11=691315353
47,22;22,39=185385512
78,91;80,16=71526256
88,53;11,27=64245499
29,64;26,11=42806570
28,11;34,60=84189021
87,43;46,98=93788022
62,27;30,60=214013025
14,55;68,22=1681417975
29,17;12,32=27811805
56,33;22,40=1949213423
63,44;11,31=844897
27,11;34,46=175493709
82,88;40,12=89007108
15,39;73,36=367810610
94,45;22,47=31123532
31,57;41,23=1253114213
43,92;95,33=49697737
31,18;28,50=85687722
43,18;26,59=1080717996
40,20;29,50=152446680
13,30;51,36=797410874
64,14;20,82=76846474
66,16;16,55=1487215376
88,33;44,74=107367706
68,23;19,71=8489876
89,14;57,71=98325951
41,15;14,27=1158915359
11,68;83,13=66571410
28,14;13,30=1746317572
43,83;55,16=45597177
47,23;19,57=1049913057
47,11;46,58=57913103
12,90;94,91=735614646
47,18;16,31=470811568
87,17;89,95=103364736
27,65;73,24=46573776
16,58;85,37=21134135
37,16;23,47=167572363
42,81;45,11=124919796
11,26;60,41=1767611910
25,83;46,31=31078246
32,78;55,17=50864150
47,13;32,77=1006917415
59,13;36,63=33174090
72,41;36,62=46084450
88,54;11,69=29267398
89,11;76,70=97926180
13,40;48,15=135878160
13,63;76,84=43869030
67,19;13,66=78285196
19,47;67,48=44515359
58,16;24,65=63721706
36,71;60,23=165088853
14,26;45,14=717612836
55,39;15,60=35403843
13,38;75,53=849516894
84,53;14,45=956616541
49,25;22,41=1122215917
12,19;48,23=1664013826
84,20;32,73=90245483
90,93;13,96=22913771
39,19;20,49=142871927
95,22;13,18=88962240
33,67;46,21=138525953
13,59;75,13=14273583
79,31;12,42=1442512931
75,12;76,90=147979918
32,54;39,18=75897748
86,12;46,72=84807020
18,71;42,38=32105640
53,14;24,54=176476310
41,24;49,96=44127968
60,26;42,76=66904344
34,56;49,25=75486914
73,34;11,31=1180214684
18,33;81,39=15842466
11,38;49,34=1779214960
46,81;70,19=26382977
44,15;26,47=1227017479
29,62;97,34=19543484
12,49;51,12=928419713
23,91;43,30=15601688
17,33;54,13=681714383
61,31;21,47=1125935
78,22;14,60=940770
26,76;41,13=1460312011
68,36;18,38=167361448
13,43;69,31=75701018
48,21;13,40=1174512258
68,26;15,67=91844192
21,94;72,28=36066724
16,57;37,16=1550912218
22,88;58,26=34762574
31,92;54,19=42777749
78,19;19,73=176707131
42,26;21,51=37706878
59,57;11,88=40876966
83,78;15,53=24653328
59,20;12,29=14133599
16,95;87,19=59133762
32,58;99,25=86473781
51,36;29,66=46427602
68,21;29,76=80881884
44,98;23,14=29484928
16,56;60,17=31125966
24,57;59,29=40463164
17,68;49,18=1435919290
11,62;53,13=42538236
88,11;13,75=35046308
78,31;13,97=34719369
23,96;48,46=30158880
49,17;11,51=1302818332
42,63;40,17=51483355
66,19;12,65=1538010442
14,49;61,11=52731648
13,71;95,24=23903651
56,93;81,29=68843413
29,79;82,12=2113683
18,43;67,22=1775417339
35,17;37,66=94754041
